"[{\"levels\":
//on a 15 capteurs,les entrees de la chaine
[{\"inputs\":
[0.3262857142857143,0.30895989611523367,0.25223355687884497,0.13828708510489673,0,0,0,0,0,0,0,0.1382870851048965,0.25223355687884486,0.3089598961152339,0.3262857142857143],
//on sort sur 8 reactrons
\"outputs\":
[0,1,0,0,0,0,0,1],
//chaque reactron a un biais
\"biases\":
[0.5619554771280808,-0.8494685077774147,0.5763583457328982,0.9568128892941079,0.09227269184081743,0.6192638268239348,0.25370309217731357,-0.4657184673769832],
//chaque reactrons sort sur tous les reactrons de l etage suivant,en entree
\"weights\":
[[-0.07623588200056464,-0.05587863910411217,0.8133184676982195,-0.8632668245041861,-0.5686021310871241,-0.5624365520399417,-0.9456334022710831,-0.7356457420349414],[-0.7674605298055646,-0.6712665352737246,-0.3164862686050829,-0.7086896075378637,0.6029142728974946,-0.5759485083298381,-0.7456989624496262,0.6249312993242429],[-0.9529130668676324,-0.4030591197528457,-0.7652351070333152,0.692532191753422,-0.04250485063147913,0.760835471826935,-0.25287919835739503,0.5407565794501541],[-0.27605699792604543,-0.3263603759018272,-0.944495903760072,-0.25661610251682765,-0.5731719894116791,-0.8052867786861824,0.3305145539353882,-0.03800969431098622],[0.557415506064872,0.5787902981338866,0.540632911491624,0.3964754916707367,0.40250748771959666,-0.5594560565902187,0.6170693087425225,0.9685077792090282],[-0.6761531564698933,-0.8152151655642843,0.9222273313180733,0.925075076302631,0.14813269915368554,0.8680650102985004,0.8791087990844044,0.00944390770417769],[-0.8046053865059828,-0.5194352514056857,-0.0840944482556063,-0.155630554381192,-0.9784013964977829,-0.20675610437045577,0.8262277977023089,-0.7123044351041834],[-0.8232825141888687,-0.5202736713320371,0.5352766359970573,-0.5603914841732589,-0.9725220210275753,0.4968203346602502,0.1235089785070711,0.5382842912751546],[0.6830872560607455,-0.6793708256320583,-0.3890379217283302,-0.5193180192993885,-0.2510971609198074,0.1294045325287554,-0.590479855283323,-0.01847556852701171],[0.0846566586972588,0.28869279057484265,-0.3855568463773005,-0.14101492646028202,-0.523830622761519,0.017840820628693077,0.6124039747250265,0.6562580095332793],[0.5464353259398167,-0.9309053186670377,-0.5455567920476918,-0.3621787099725622,-0.5274478570074406,-0.7790581121832587,0.9352373700187395,0.5254278562034194],[-0.835431161738692,-0.2791983363673167,-0.6655317809333554,0.6785027089862057,-0.5207853901649995,-0.06598744168141213,-0.21974678987979823,-0.05735172612788375],[-0.18043340410656894,0.41239038531059125,0.10699279757371283,-0.8663522821024241,-0.05936410576348683,0.9692567786448771,-0.8730732013601172,-0.9051239788125853],[0.884406787517793,0.5908837827835605,-0.5181958607937709,-0.06914389022895184,-0.22357555299714704,0.5215432257620698,-0.27553081781941735,0.7523270828770237],[-0.7665444304342657,0.03206288229289944,-0.07695437980358566,-0.6517589402513755,0.2900302407030435,0.09333110087980367,0.7443680629752305,-0.9712645196395169]]},
//les reactrons de premier rand servent d entree au deuxieme rand.
{\"inputs\":
[0,1,0,0,0,0,0,1],
on sort sur les 5 reactrons du deuxieme rand.
\"outputs\":
[0,0,0,1,0],
chaque reactron a un biais
\"biases\":
[0.5066212625564974,0.2845603047181,-0.14292024727740849,-0.5441906568043486,-0.15922588436875973],
on sort sur l etage suivant avec un certain poid
\"weights\":
[[-0.27612525900760065,0.7744369468565626,-0.17146066805209426,0.9953604846180073,-0.7388721219958452],[0.5904483996305974,-0.6909149164016588,-0.9319103018330219,0.7621531027002155,-0.7336779132612978],[-0.5611407796822587,0.640180062310618,-0.6700008475418255,0.8526356433843292,0.6585283459445495],[-0.2502683637479457,-0.5531209236412984,0.7036036819190161,0.45498307887613976,-0.028723451884733464],[0.09241159048700665,-0.7439239404573512,-0.8823388478597569,-0.3427320756825063,-0.8961442417923262],[-0.4825543503792491,0.02321310111460262,0.4691060751530296,-0.7704200413356768,0.9738524833743538],[0.1317087273290376,-0.44784112757059713,0.18905956882191788,-0.6476841089061303,0.47161055492443804],[-0.50506217952619,0.2566078043287874,0.07530524407520778,-0.2635289512121788,-0.9368694127043882]]},
les sorties des reatrons precedents servent d entrees dans l etage suivant,
les poids pesent sur les reactrons suivants
{\"inputs\":
[0,0,0,1,0],
\"outputs\":
[1,0,0,0],
\"biases\":
[-0.1269410578766368,-0.4627419114841236,0.6684770570865362,-0.03526856549294477],
\"weights\":
[[0.5627819539535652,-0.18955427019774307,-0.46589877092389065,-0.7157051493337905],[0.4431283106349393,0.7889848874422261,-0.28323649616551005,0.25937679264645563],[0.6328266072582811,0.614653049618926,0.35993878705977034,0.7141308149661127],[0.4534904504584034,-0.9775990510920183,-0.9204679252735799,-0.745385370773398],[0.250284324110587,-0.6763671245901941,-0.18875910462740642,0.16355105706831052]]}]}]"